0
12
15
18
21
22
25
26
32
33
34
35
36
41
44
45
50
66
72
73
75
79
81
84
89
108
110
111
112
119
121
122
123
128
133
140
141
146
147
155
158
162
164
166
169
170
173
174
175
180
182
186
189
190
191
194
195
202
208
217
220
222
223
226
227
231
234
235
238
242
245
248
256
261
263
266
279
282
284
287
289
291
292
302
303
305
314
323
324
325
328
329
332
333
334
341
343
351
354
366
369
371
380
386
394
395
396
397
406
407
408
410
416
417
418
422
423
424
437
443
444
446
452
462
464
468
471
475
484
485
487
488
489
490
491
496
499
24
48
49
70
77
93
143
154
178
179
196
198
205
207
209
241
271
288
300
326
382
387
392
400
420
421
425
442
449
454
458
467
479
483
