52.5,77
53.5,126
46.25,111
36.5,86.5
50,107.5
60.5,90
16,139
43,119.5
44,113.5
32.75,98
44,120
46,103
71.5,20.5
15.5,99.5
11.25,135
45.5,110
14.75,112.5
39.5,141
10.5,115.5
11.25,89.5
52,69.5
15,170
38.5,158
54,54.5
29.25,136
57,92.5
42,72
12.5,111
60.5,87.5
20,98.5
33,155.5
37,123
69,131
31.75,134
6,108.5
34.5,145.5
89,74
26.75,131.5
15,111
21.5,101.5
14.25,95
31.5,103
40,84
23.5,86
69,101
14.5,120.5
18.5,82
26.75,112.5
52,123.5
61,37.5
39,117.5
64,99.5
34.5,143
34.5,103.5
14.75,86.5
42.75,113
24.25,104
19.5,111.5
91.5,103.5
22,163
13,145
43.5,133
80.5,105.5
6.5,142.5
30,73.5
12,145.5
61.5,108.5
18.25,136
24.75,109
46.5,155
21.5,91
60.5,77
63,103.5
75.5,128
52,134.5
25,104.5
26,115
67,53.5
10.5,138
25.5,142.5
41,93